,total_commit
0,555
1,697
2,667
3,636
4,598
5,624
6,587
7,574
8,621
9,650
10,590
11,599
12,592
13,624
14,619
15,631
16,620
17,610
18,636
19,603
20,610
21,596
22,670
23,643
24,639
25,638
26,676
27,633
28,641
29,647
30,619
31,645
32,619
33,645
34,654
35,624
36,680
37,625
38,675
39,663
40,733
41,725
42,713
43,649
44,625
45,659
46,668
47,680
48,735
49,681
50,688
51,728
52,700
53,677
54,656
55,681
56,751
57,719
58,704
59,709
60,700
61,675
62,694
63,720
64,879
65,590
66,591
67,624
68,579
69,590
70,606
71,607
72,597
73,628
74,613
75,669
76,609
77,628
78,610
79,644
80,666
81,584
82,603
83,608
84,616
85,613
86,622
87,598
88,591
89,580
90,610
91,651
92,600
93,657
94,611
95,606
96,662
97,635
98,596
99,657
100,611
101,642
102,641
103,683
104,661
105,627
106,618
107,669
108,700
109,711
110,646
111,661
112,676
113,612
114,649
115,612
116,658
117,692
118,650
119,644
120,699
121,702
122,696
123,673
124,607
125,656
126,663
127,774
128,1239
129,618
130,615
131,572
132,589
133,570
134,607
135,575
136,630
137,578
138,619
139,619
140,624
141,640
142,649
143,600
144,655
145,613
146,589
147,580
148,600
149,636
150,628
151,640
152,601
153,637
154,621
155,616
156,637
157,603
158,581
159,651
160,623
161,586
162,632
163,638
164,604
165,603
166,613
167,639
168,588
169,587
170,690
171,648
172,652
173,722
174,652
175,646
176,633
177,669
178,686
179,723
180,665
181,670
182,670
183,661
184,619
185,670
186,642
